58.3399 36 1 7 0.519291
5 10 8 11 7 9 
2 3 -1
1 7 
3 8 -1
2 7 8 
4 3 -1
2 7 8 
5 7 -1
1 7 
6 1 -1
1 7 
7 9 0.035937
4 15 13 14 12 
8 2 0
4 12 15 13 14 
9 1 0.33
1 12 
10 3 0.16
2 13 12 
11 2 0
2 12 13 
12 6 0.33
1 16 
13 5 0
5 16 18 19 20 17 
14 1 0
2 16 17 
15 4 0
6 17 20 21 19 16 18 
16 7 0
7 27 28 25 22 26 23 24 
17 5 0
11 31 22 23 29 25 27 28 24 26 32 30 
18 5 0
15 33 24 26 35 34 22 23 28 30 32 31 29 36 25 27 
19 3 0
3 23 24 22 
20 7 0
3 24 23 22 
21 7 0
8 26 22 25 24 23 28 27 29 
22 -1 0
0 
23 -1 0
0 
24 -1 0
0 
25 -1 0
0 
26 -1 0
0 
27 -1 0
0 
28 -1 0
0 
29 -1 0
0 
30 -1 0
0 
31 -1 0
0 
32 -1 0
0 
33 -1 0
0 
34 -1 0
0 
35 -1 0
0 
36 -1 0
0 
