58.2717 37 1 9 0.425455
3 4 6 5 
2 1 -1
3 4 5 6 
3 7 -1
4 7 6 5 4 
4 5 0.06
1 8 
5 1 0.545062
3 9 8 10 
6 6 0.640943
6 10 8 9 13 11 12 
7 8 -1
4 9 8 11 10 
8 3 0.06
4 17 15 16 14 
9 6 0.925186
3 15 16 14 
10 4 0.65
3 16 15 14 
11 9 0.22165
2 14 15 
12 1 0.302593
2 15 14 
13 4 0.65
3 15 14 16 
14 2 0
5 18 21 19 22 20 
15 7 0.605186
3 20 19 18 
16 4 0.65
5 19 21 20 22 18 
17 2 0
2 19 18 
18 4 0
11 30 23 31 26 25 33 24 32 28 27 29 
19 6 0.65
5 23 25 26 27 24 
20 9 0
14 31 27 23 28 35 34 33 36 32 24 25 30 29 26 
21 6 0.32
4 24 25 26 23 
22 5 0
7 26 24 25 29 27 23 28 
23 -1 0
0 
24 -1 0
0 
25 -1 0
0 
26 -1 0
0 
27 -1 0
0 
28 -1 0
0 
29 -1 0
0 
30 -1 0
0 
31 -1 0
0 
32 -1 0
0 
33 -1 0
0 
34 -1 0
0 
35 -1 0
0 
36 -1 0
0 
37 -1 0.335294
0 
