57.766 37 1 6 0.54869
3 6 8 7 
2 2 -1
3 7 8 6 
3 3 -1
1 6 
4 3 -1
3 8 7 6 
5 8 -1
1 6 
6 8 0.54869
2 9 10 
7 6 0.32
3 11 10 9 
8 6 0.65
4 12 10 11 9 
9 6 0.99
3 15 16 14 
10 7 0
1 14 
11 4 0
2 15 14 
12 2 0
2 14 15 
13 5 -1
2 14 15 
14 4 0
1 17 
15 3 0
4 20 18 17 19 
16 3 0
4 19 20 17 18 
17 5 0
13 24 30 25 31 29 34 28 32 35 33 27 26 23 
18 9 0
8 26 29 28 30 27 23 25 24 
19 3 0
9 29 31 26 28 24 25 23 27 30 
20 7 0
10 26 32 27 25 31 23 30 24 29 28 
21 2 -1
2 23 24 
22 6 -1
9 25 31 28 26 27 23 29 30 24 
23 -1 0
0 
24 -1 0
0 
25 -1 0
0 
26 -1 0
0 
27 -1 0
0 
28 -1 0
0 
29 -1 0
0 
30 -1 0
0 
31 -1 0
0 
32 -1 0
0 
33 -1 0
0 
34 -1 0
0 
35 -1 0
0 
36 -1 0.217647
0 
37 -1 0.335294
0 
