57.6187 31 1 9 0.397089
2 4 3 
2 1 -1
3 5 4 3 
3 4 0.884736
2 8 7 
4 8 0.889826
4 9 10 7 8 
5 2 -1
2 7 8 
6 5 -1
3 8 9 7 
7 9 0.884736
3 11 12 13 
8 5 0
1 11 
9 4 0.96
4 12 11 14 13 
10 7 0.819192
4 13 14 11 12 
11 4 0
7 23 17 21 19 20 18 22 
12 5 0
5 20 21 18 17 19 
13 6 0.96
12 19 24 26 21 25 17 20 27 23 22 18 28 
14 2 0
7 20 21 19 17 18 23 22 
15 3 -1
1 17 
16 6 -1
11 25 20 24 27 26 17 19 23 18 21 22 
17 -1 0
0 
18 -1 0
0 
19 -1 0
0 
20 -1 0
0 
21 -1 0
0 
22 -1 0
0 
23 -1 0
0 
24 -1 0
0 
25 -1 0
0 
26 -1 0
0 
27 -1 0
0 
28 -1 0
0 
29 -1 0.362745
0 
30 -1 0.217647
0 
31 -1 0.335294
0 
