60.9984 37 1 26 0.106383 15 37 33 35 34 25 26 27 30 23 36 31 32 29 28 24 
2 10 -1 6 28 25 23 24 26 27 
3 33 -1 13 34 24 25 26 33 28 29 35 31 27 30 32 23 
4 20 -1 1 23 
5 33 -1 8 28 27 24 29 30 26 25 23 
6 43 -1 2 23 24 
7 26 -1 8 27 26 25 30 29 24 23 28 
8 23 -1 3 24 25 23 
9 3 -1 9 26 27 28 29 23 24 31 25 30 
10 43 -1 7 29 27 24 28 26 23 25 
11 29 -1 3 23 24 25 
12 41 -1 5 26 25 24 27 23 
13 36 -1 10 30 32 25 26 23 24 28 29 31 27 
14 6 -1 4 25 26 23 24 
15 6 -1 9 29 30 27 23 24 25 28 31 26 
16 17 -1 12 33 31 28 27 29 34 32 23 26 24 25 30 
17 37 -1 1 23 
18 6 -1 10 25 30 28 27 31 32 24 23 29 26 
19 14 -1 6 27 24 23 26 25 28 
20 18 -1 1 23 
21 36 -1 8 27 29 26 25 24 23 30 28 
22 44 -1 10 31 28 24 32 27 25 26 30 23 29 
23 -1 0.35098 0 
24 -1 0.22549 0 
25 -1 0.178229 0 
26 -1 0.35098 0 
27 -1 0.351044 0 
28 -1 0.382353 0 
29 -1 0.582353 0 
30 -1 0.348264 0 
31 -1 0.323529 0 
32 -1 0.362745 0 
33 -1 0.24902 0 
34 -1 0.250797 0 
35 -1 0.362745 0 
36 -1 0.217647 0 
37 -1 0.335294 0 
