58.6948 37 1 32 0.46156
1 3 
2 15 -1
7 9 5 8 6 3 7 4 
3 11 0.653294
2 11 10 
4 85 -1
1 10 
5 14 -1
1 10 
6 63 -1
2 10 11 
7 15 -1
2 11 10 
8 65 -1
2 10 11 
9 29 -1
1 10 
10 89 0.223394
5 14 12 13 15 16 
11 32 0.570925
5 16 13 15 14 12 
12 85 0.350333
6 20 21 22 18 17 19 
13 46 0.54147
1 17 
14 85 0.351044
3 19 18 17 
15 96 0.915519
1 17 
16 25 0.699277
3 18 17 19 
17 44 0.998611
1 23 
18 56 0.349622
12 26 32 33 29 30 27 34 23 31 25 28 24 
19 84 0.351044
7 27 23 24 25 29 28 26 
20 96 0.0652328
4 24 23 26 25 
21 63 0.42353
2 23 24 
22 58 0.121288
10 30 25 23 28 29 32 27 26 31 24 
0 -1 0.35098
0 
0 -1 0.22549
0 
0 -1 0.178229
0 
0 -1 0.35098
0 
0 -1 0.351044
0 
0 -1 0.382353
0 
0 -1 0.582353
0 
0 -1 0.348264
0 
0 -1 0.323529
0 
0 -1 0.362745
0 
0 -1 0.24902
0 
0 -1 0.250797
0 
0 -1 0.362745
0 
0 -1 0.217647
0 
0 -1 0.335294
0 
