60.966 23 1 33 0.30216 13 20 21 9 13 18 11 14 17 19 10 12 15 16 
2 2 -1 15 23 10 18 9 16 12 17 19 20 21 15 13 14 11 22 
3 30 -1 14 11 22 19 9 13 17 18 16 20 10 21 12 15 14 
4 3 -1 13 10 13 9 14 19 12 15 16 11 20 21 17 18 
5 2 -1 8 16 14 10 9 13 11 12 15 
6 14 -1 12 9 20 13 12 18 10 15 14 11 17 19 16 
7 21 -1 12 15 12 11 16 13 9 18 20 17 19 10 14 
8 45 -1 15 21 22 20 19 23 10 17 16 12 15 11 14 18 9 13 
9 -1 0.35098 0 
10 -1 0.22549 0 
11 -1 0.178229 0 
12 -1 0.35098 0 
13 -1 0.351044 0 
14 -1 0.382353 0 
15 -1 0.582353 0 
16 -1 0.348264 0 
17 -1 0.323529 0 
18 -1 0.362745 0 
19 -1 0.24902 0 
20 -1 0.250797 0 
21 -1 0.362745 0 
22 -1 0.217647 0 
23 -1 0.335294 0 
