58.3261 34 1 7 0.430418
6 6 9 8 7 5 10 
2 77 -1
7 5 6 11 10 7 9 8 
3 32 -1
7 5 10 7 9 6 8 11 
4 2 -1
5 7 6 9 8 5 
5 28 0.168683
1 12 
6 51 0.77412
4 12 13 14 15 
7 5 0.0305223
3 14 12 13 
8 62 1
4 15 12 14 13 
9 15 0.770335
1 12 
10 9 0.796106
3 12 14 13 
11 24 -1
4 14 15 13 12 
12 15 0.770335
3 16 18 17 
13 47 0.0692679
4 16 18 17 19 
14 34 0.0305223
4 18 17 19 16 
15 12 0.748327
3 18 16 17 
16 84 0.386745
10 23 27 26 20 29 28 22 25 21 24 
17 48 0.182981
6 24 23 20 21 25 22 
18 33 0.204394
14 20 26 29 28 32 21 33 31 23 30 25 27 22 24 
19 5 0.178229
11 27 22 28 24 21 26 23 20 25 29 30 
0 -1 0.35098
0 
0 -1 0.22549
0 
0 -1 0.178229
0 
0 -1 0.35098
0 
0 -1 0.351044
0 
0 -1 0.382353
0 
0 -1 0.582353
0 
0 -1 0.348264
0 
0 -1 0.323529
0 
0 -1 0.362745
0 
0 -1 0.24902
0 
0 -1 0.250797
0 
0 -1 0.362745
0 
0 -1 0.217647
0 
0 -1 0.335294
0 
