60.9072 28 1 29 0.35098 1 14 
2 4 -1 7 17 14 19 15 18 20 16 
3 11 -1 15 17 15 21 16 14 24 23 22 25 26 20 27 18 19 28 
4 35 -1 7 19 20 14 17 18 15 16 
5 25 -1 4 14 16 17 15 
6 44 -1 15 25 20 22 26 15 21 17 28 18 14 23 27 24 19 16 
7 45 -1 7 17 15 16 20 14 19 18 
8 4 -1 15 24 23 25 17 21 14 28 18 15 22 26 19 16 20 27 
9 41 -1 9 17 16 22 20 18 21 15 14 19 
10 7 -1 5 18 15 16 14 17 
11 20 -1 8 17 14 16 18 15 20 19 21 
12 43 -1 9 21 14 22 18 16 19 17 15 20 
13 20 -1 1 14 
14 -1 0.35098 0 
15 -1 0.22549 0 
16 -1 0.178229 0 
17 -1 0.35098 0 
18 -1 0.351044 0 
19 -1 0.382353 0 
20 -1 0.582353 0 
21 -1 0.348264 0 
22 -1 0.323529 0 
23 -1 0.362745 0 
24 -1 0.24902 0 
25 -1 0.250797 0 
26 -1 0.362745 0 
27 -1 0.217647 0 
28 -1 0.335294 0 
