16.9122 37 1 6 0.442799 1 16 
2 14 -1 6 16 17 18 19 21 20 
3 1 -1 6 16 18 20 17 21 19 
4 18 -1 1 16 
5 14 -1 1 16 
6 9 -1 2 17 16 
7 16 -1 6 19 18 20 16 17 21 
8 8 -1 6 16 18 19 17 20 21 
9 4 -1 2 17 16 
10 1 -1 6 17 21 18 20 16 19 
11 20 -1 5 17 20 19 18 16 
12 17 -1 4 16 18 19 17 
13 12 -1 2 17 16 
14 20 -1 5 19 17 18 16 20 
15 15 -1 6 16 19 21 20 18 17 
16 7 0.442799 3 22 23 24 
17 16 -1 3 22 24 23 
18 20 -1 5 24 25 26 23 22 
19 5 -1 6 24 23 26 22 27 25 
20 13 -1 1 22 
21 5 -1 3 23 24 22 
22 6 0.761651 6 32 30 29 31 33 28 
23 11 0.0980529 8 33 34 28 31 32 35 30 29 
24 10 0.0237848 7 32 29 28 34 33 30 31 
25 18 -1 8 31 34 35 33 29 30 28 32 
26 13 -1 2 29 28 
27 3 -1 4 29 31 30 28 
28 -1 0.748219 0 
29 -1 0.012349 0 
30 -1 0.37411 0 
31 -1 0.5 0 
32 -1 0.746516 0 
33 -1 0.380457 0 
34 -1 0.609404 0 
35 -1 0.565193 0 
36 -1 0.598825 0 
37 -1 0.749635 0 
